  C   -3.94002154180871      3.54544760728378     -0.35041092715455
  C   -5.18202182086555      2.71188778478624      0.01115174821038
  C   -4.66391428863538      1.29886129927593     -0.03365473084540
  C   -3.22942709235484      1.29245608845878     -0.05219735098461
  C   -2.73971074625000      2.70627346991882      0.11604877450227
  C   -5.34659983535338      0.15164513091570      0.19483640179313
  C   -2.54154826612961      0.14208845252624     -0.11770124671909
  C   -3.31330292716303     -1.12752055507997     -0.42696343909587
  C   -3.48195656910888     -1.32623782780139     -1.93193232427703
  C   -0.84377336193994     -1.40639904170837      0.33881459278896
  C   -1.14552857652203     -0.12327533005711      0.11404455565613
  N   -6.69555066286771      0.14492308351894      0.47488262796481
  C   -7.26763785436738     -0.95676744961926      0.83476890148554
  C   -6.58759447387302     -2.19717795575580      0.94920587567834
  C   -5.28492052755090     -2.20728018476454      0.58737669396224
  N   -4.64471003002496     -1.08087596239348      0.20754148670364
  H   -2.50546903514938     -1.31564930422139     -2.41338143470858
  H   0.42915964398328     -2.52329428024293      1.64631737584978
  H   -6.01266904408369      2.89087624231801     -0.67216206506258
  H   -5.53931042218243      2.96567562434769      1.01442887971562
  H   -2.52746293332007      2.89873149910545      1.17221515902026
  H   -3.95552125892330      4.53914182233990      0.09509354401162
  H   -3.89035325951647      3.66968313994520     -1.43389599016761
  H   -1.82702128175885      2.91547282455654     -0.44096804985829
  H   1.23058501212558     -1.22024640256454      0.75605193665899
  H   -8.33206699322350     -0.90987726617213      1.04536219266576
  H   -7.09023127941954     -3.09950505380472      1.25704897338210
  H   -4.70436971747929     -3.11841681173094      0.57354033599661
  H   -0.40423101844172      0.66296454572282      0.17180760871558
  H   -4.08273641137928     -0.51351941250701     -2.34244762500007
  H   -3.97244430842649     -2.27647463320034     -2.14568085455901
  S   -2.25097025508623     -2.47464266261234      0.26002889379527
  H   0.79358702896445     -2.72842415326601     -0.06126338708701
  C   0.47432210813227     -2.00092832751778      0.68793686696267
