  C   0.49221441109090     -0.39263231887982     -0.32839569951685
  C   1.73222484558629     -0.04509540770290      0.12111556976056
  C   -0.46521073286733      0.56489733019744     -0.70808750133260
  C   2.05326144203779      1.29532147163197      0.26274122008781
  C   -2.97749524069043      0.60603841586729     -0.72936899460336
  C   2.85240089957775      3.54935744772083      0.69717483475137
  N   1.13752081906580      2.24337718316798     -0.08434225493193
  C   -0.06819256862600      1.89983888915727     -0.67811788788892
  C   -0.83410839905619      2.93624253356937     -1.41595568168756
  H   -1.44242102905739      2.42395717315213     -2.15654907640717
  H   -1.51917329572543      3.48690153148522     -0.77463423028674
  H   -0.16344716078989      3.62271624694749     -1.92380959783211
  C   1.58950783654076      3.55110743109994      0.22508282006512
  S   -3.22807919744093      1.75673012897147      0.53324805988091
  S   3.50039160812131      1.96448814062119      0.84371890854808
  C   -1.77751702280647      0.14455396651828     -1.17456356128406
  H   -1.78336681711131     -0.69564378004237     -1.85604146669352
  C   3.65433593640326      4.72380222789386      1.14554063571262
  H   3.29813692721086      5.08020784613223      2.11340472020235
  H   4.70488639706220      4.46047435295630      1.24859604203469
  H   3.57378868761251      5.53947507484419      0.42968180529503
  C   -4.18986887609757      0.02348823516274     -1.37845052413963
  C   -5.25433114277709     -0.45979443074647     -0.62085226329748
  C   -4.28292151133900     -0.04410646321784     -2.76640231270631
  C   -6.36959645094829     -1.00632396652088     -1.23089467073997
  H   -5.19853225531235     -0.40434424586714      0.45765352681081
  C   -5.40761109555868     -0.57473342233788     -3.38018709010064
  H   -3.47271744445183      0.34115467098997     -3.37164180586860
  C   -6.45409637058272     -1.06151740914020     -2.61495735222151
  H   -7.17974158200494     -1.38904082513258     -0.62317140738970
  H   -5.46627356799645     -0.60223672632871     -4.46085643075017
  H   -7.33186508722831     -1.47812264042101     -3.09178161775830
  C   2.57492551299654     -1.21495424991306      0.50339176934718
  C   0.32870972529655     -1.88748483269437     -0.33476252196608
  C   1.74033320913611     -2.45125435773130      0.04254065006790
  F   2.78928325277102     -1.27059308908103      1.83788488450554
  F   3.79181378698083     -1.20489987899097     -0.08007922227245
  F   1.65465845708870     -3.37488121876613      1.00493732699060
  F   2.31663886861989     -3.01192948808849     -1.02898124283546
  F   -0.05401615810488     -2.37277812755885     -1.53327210127479
  F   -0.58234381334434     -2.30042521025795      0.57128161651783
  C   0.72588139682258      4.76765256533057      0.21995631864015
  H   1.19739639241566      5.51619685718592      0.85120200966472
  H   0.59267172266281      5.19993477054851     -0.76879809260782
  H   -0.25241030718220      4.55196243626772      0.64244229251049
