C       -1.065855490      2.249486051      1.294705040
C        0.414083438      2.331794151      0.726633694
C        0.824780500      0.863866237      0.610497893
C       -0.425761003      0.324247072      0.142981564
C       -1.485072725      0.737609178      1.139677614
C        1.318573330      0.198284836      1.762971407
C       -0.674285361      0.068434949     -1.259858273
C       -1.882248967     -0.258539890     -1.863087879
C       -3.253803335     -0.496723361     -1.297972147
C        0.037580091     -0.066270577     -3.495324484
C        0.409217556      0.140096546     -2.207577259
N        0.986047671     -1.129873907      1.839198448
C        1.460812173     -1.807135748      2.881280184
C        2.298677710     -1.242962572      3.834428649
C        2.588329234      0.112663689      3.659072709
N        2.107898246      0.840610106      2.664764361
H       -3.212158629     -1.165955586     -0.435592348
H        1.927502285      0.019262940     -4.469400802
H        1.095383873      2.842882699      1.409159028
H        0.416889353      2.870305903     -0.227973890
H       -2.522921033      0.616410971      0.834211547
H       -1.751968910      2.902156657      0.743933950
H       -1.113683489      2.542660554      2.346932454
H       -1.327904081      0.200278110      2.074730038
H        0.639594252      0.860241813     -5.345902927
H        1.173795490     -2.857153143      2.942061778
H        2.703529744     -1.818284914      4.657955846
H        3.233580473      0.634752944      4.366445898
H        1.420893525      0.346158435     -1.883268167
H       -3.906556332     -0.954799145     -2.045809813
H       -3.723899795      0.439305934     -0.979693691
S       -1.673416050     -0.414412139     -3.564178169
H        0.714901627     -0.905795959     -5.366483441
C        0.869890432     -0.022617681     -4.739265168
