C       -2.610238803      2.277236609      0.776858313
C       -1.671947367      1.801711951      1.905299984
C       -0.684140643      0.908592232      1.181890536
C       -1.132726777      0.561407148     -0.039064975
C       -2.468483574      1.216657124     -0.334956053
C        0.554549199      0.452790581      1.831794594
C       -0.527707328     -0.397551836     -1.025746006
C       -0.905442114     -1.685522342     -1.039082151
C       -1.822386366     -2.471020663     -0.195740868
C        1.130917983     -0.418261762     -3.047984751
C        0.417048381      0.166755147     -1.955185102
N        0.604937429      0.565948140      3.169710473
C        1.717426252      0.137930201      3.766428934
C        2.788423756     -0.397014892      3.060636166
C        2.641918983     -0.448380416      1.677560057
N        1.542891379     -0.026688738      1.057860073
H       -2.646116506     -2.855986187     -0.808301336
H        1.495189782      1.438401525     -4.103058502
H       -2.206736365      1.224377624      2.669545699
H       -1.186855480      2.625358678      2.436916525
H       -2.502481596      1.642141757     -1.345256778
H       -2.264090259      3.245825391      0.402340942
H       -3.642538323      2.407990095      1.111575679
H       -3.272066475      0.466899901     -0.296915514
H        2.497166648      0.063016910     -4.639429277
H        1.750236902      0.232736065      4.850454615
H        3.688452351     -0.741610279      3.557313159
H        3.433940233     -0.834431243      1.037978439
H        0.615552249      1.225994743     -1.791913241
H       -2.240299391     -1.899415824      0.646383462
H       -1.301648553     -3.348136300      0.203287789
S        1.000349745     -2.002965613     -3.515406440
H        2.843229146      0.901164099     -3.106477143
C        2.046618475      0.548166504     -3.774116473
