C        0.452390974     -1.328734332      0.004117897
C        1.288317929     -0.509097067      0.772249937
C       -0.836450990     -0.953892887     -0.592765299
C        1.220461550      0.836055856      0.967392443
C       -3.095055913     -0.302311407     -0.518878685
C        0.732825517      4.129557391      0.275694783
N        1.138313494      1.991432184      1.216649722
C       -1.108301543     -0.943239269     -1.939847079
C       -0.189833412     -1.248519675     -3.084847817
H        0.835891846     -1.344497692     -2.723833695
H       -0.456013826     -2.190895649     -3.576090517
H       -0.218058767     -0.459021809     -3.843467207
C        1.357804329      3.357860001      1.183179384
S       -2.756698554     -0.472697269     -2.226837035
S       -0.223648866      3.397813514     -1.028852863
C       -1.971607547     -0.586601778      0.204582545
H       -1.943376820     -0.590929751      1.287956403
C        0.790439435      5.631023971      0.221099872
H        1.355113097      5.970177177     -0.654172627
H       -0.219422758      6.048876409      0.135915136
H        1.243028799      6.055785884      1.118227462
C       -4.428872951      0.070863404     -0.026157351
C       -4.579651997      0.626521850      1.253719181
C       -5.580233584     -0.127748860     -0.801669587
C       -5.837754420      0.953557171      1.745632436
H       -3.700438920      0.815225330      1.861120728
C       -6.837417003      0.213883130     -0.313843540
H       -5.494027304     -0.571221533     -1.789412579
C       -6.974022955      0.750223251      0.964179589
H       -5.929889867      1.377982294      2.741222108
H       -7.714471383      0.050047009     -0.933526943
H       -7.956293518      1.009262774      1.347503668
C        2.403450271     -1.305085269      1.399465873
C        0.951831896     -2.732780589      0.043950161
C        2.390474448     -2.629521526      0.599069091
F        2.169686226     -1.568265038      2.713072059
F        3.607688683     -0.685506463      1.327920941
F        2.738660407     -3.682917160      1.357073000
F        3.260574905     -2.521645905     -0.432020807
F        0.948291575     -3.347463360     -1.171946150
F        0.210746136     -3.531095655      0.872534943
C        2.307643694      3.808938055      2.268063716
H        2.564604544      4.862074856      2.158976063
H        1.868697875      3.658650188      3.259652469
H        3.234682637      3.228715034      2.220101017
