C       -0.087586270     -0.628851634     -0.608856145
C        0.955451876     -0.405088609      0.212182145
C       -1.009163406      0.380796898     -1.193240132
C        1.528017586      0.878697877      0.599392927
C       -2.729000076     -0.002182578      0.505305309
C        2.620677003      2.778627602      1.680250713
N        1.605102998      1.895342335     -0.209807029
C       -0.808874556      0.849639527     -2.512416761
C        0.489780609      0.548519130     -3.219995793
H        0.414914930      0.813807767     -4.275001275
H        1.295637150      1.122068567     -2.748819942
H        0.742967834     -0.514057857     -3.143424294
C        2.225939407      2.972290884      0.379113345
S       -2.051223899      1.693479308     -3.260111973
S        2.220887892      1.159904289      2.175115260
C       -2.140833085      0.796141835     -0.359004195
H       -2.532866959      1.791853113     -0.550936969
C        3.295528515      3.722964734      2.630069424
H        2.813212665      3.719282633      3.613523800
H        4.346562124      3.455577379      2.779044305
H        3.260883696      4.745464832      2.247209126
C       -3.544828375     -0.781843313      1.284279399
C       -4.637341561     -1.478055028      0.682288792
C       -3.323712924     -0.961551060      2.678148820
C       -5.437429655     -2.316240921      1.437360035
H       -4.814764663     -1.340124244     -0.378696204
C       -4.152024682     -1.788833812      3.416551824
H       -2.493844767     -0.445380405      3.146007265
C       -5.204616291     -2.476779704      2.806684442
H       -6.250286219     -2.854063438      0.956924252
H       -3.969240885     -1.906274962      4.480390381
H       -5.840821147     -3.134243928      3.391750681
C        1.556038754     -1.693556749      0.706936034
C       -0.274176528     -2.111588385     -0.846411048
C        1.012558658     -2.755154184     -0.273030146
F        1.144465139     -1.967703019      1.976849322
F        2.907548011     -1.678245328      0.722633566
F        0.784807452     -3.935784797      0.321245628
F        1.907965035     -2.921488099     -1.270849990
F       -0.429815257     -2.400573170     -2.163183677
F       -1.358121654     -2.603407920     -0.197119604
C        2.416654011      4.199626718     -0.463711123
H        2.616018047      5.091525088      0.134284027
H        3.255712144      4.067252469     -1.156546633
H        1.519969739      4.371705987     -1.065903648
