C        0.719514063     -1.044765734     -0.046861855
C        1.798693351     -0.304428979      0.321034447
C       -0.562500869     -0.406437739     -0.364330485
C        1.767058798      1.112563724      0.416190248
C       -2.828905118      0.108172496     -0.098827045
C        2.080221069      3.546057504      0.210219124
N        0.565837412      1.776621069      0.390325429
C       -0.526041758      0.946631047     -0.914166159
C        0.214647587      1.256758126     -2.199554520
H        0.231952152      2.332810547     -2.397126142
H        1.247327744      0.904868070     -2.141403689
H       -0.267182556      0.759517419     -3.046547978
C        0.780039407      3.164627447      0.282000280
S       -2.223136424      1.537743892     -0.895373188
S        3.163891792      2.165936472      0.234075331
C       -1.790286300     -0.815677895      0.097478845
H       -1.927671567     -1.760619180      0.610506722
C        2.662182048      4.926348562      0.181009774
H        3.223028217      5.145073413      1.095918551
H        3.353734263      5.038674824     -0.660388538
H        1.884416380      5.683967030      0.071035210
C       -4.235730374     -0.045822223      0.255718239
C       -5.095130257      1.059858095      0.364108110
C       -4.767671584     -1.327702091      0.477375009
C       -6.439367106      0.886156287      0.672163025
H       -4.704632745      2.063490070      0.221407989
C       -6.111035012     -1.495536382      0.789238925
H       -4.128744364     -2.199827271      0.382382145
C       -6.955114594     -0.390486691      0.885021455
H       -7.085231087      1.755182995      0.749627533
H       -6.499102189     -2.496492678      0.950881103
H       -8.007139108     -0.522559183      1.120139259
C        2.981955047     -1.184162452      0.600409757
C        0.997707636     -2.502373780     -0.037804734
C        2.539557626     -2.595616278      0.116655410
F        3.282414913     -1.220906703      1.923651674
F        4.104534259     -0.776215396     -0.052034251
F        2.910370926     -3.559374810      0.978993566
F        3.093409251     -2.852453724     -1.089273225
F        0.579450954     -3.133770003     -1.166794301
F        0.382841970     -3.143033402      1.007789891
C       -0.400563191      4.086621004      0.373654312
H       -0.090598787      5.103173584      0.623415875
H       -0.971940293      4.136806749     -0.559747818
H       -1.082239583      3.739061493      1.153776506
