######################## R04 #########################   ##################### R06#############################
# d(C-N), S0 vert from rel S1, S0 rel, S1 rel,           d(C-N), S0 vert from rel S1, S0 rel, S1 rel, 
3.31415000,-1088.78299409,-1088.81220872,-1088.67946833, 3.36584000,-2259.47078662,-2259.49002138,-2259.37198551 
3.10986778,-1088.78516989,-1088.81150508,-1088.68110008, 3.15677444,-2259.47139436,-2259.48936606,-2259.37384233 
2.90558556,-1088.78507464,-1088.80885046,-1088.68252289, 2.94770889,-2259.46954055,-2259.48722926,-2259.37549792 
2.70130333,-1088.78136253,-1088.80335969,-1088.68397600, 2.73864333,-2259.46500140,-2259.48276277,-2259.37675492 
2.49702111,-1088.77264487,-1088.79411988,-1088.68558099, 2.52957778,-2259.45627921,-2259.47486682,-2259.37754347 
2.29273889,-1088.75772211,-1088.78111689,-1088.68736015, 2.32051222,-2259.44201559,-2259.46304305,-2259.37778171 
2.08845667,-1088.73343236,-1088.76553021,-1088.69081489, 2.11144667,-2259.42152020,-2259.44870569,-2259.37826400 
1.88417444,-1088.72488603,-1088.75596450,-1088.69668910, 1.90238111,-2259.41233405,-2259.44045046,-2259.38029340 
1.67989222,-1088.73701546,-1088.76942946,-1088.69742948, 1.69331556,-2259.43158070,-2259.45351049,-2259.37740866 
1.47561000,-1088.76048505,-1088.78199507,-1088.70648517, 1.48425000,-2259.45484808,-2259.46584479,-2259.38076981 

