######################## R04 #########################   ##################### R06#############################
# d(C-S), S0 vert from rel S1, S0 rel, S1 rel,           d(C-S), S0 vert from rel S1, S0 rel, S1 rel, 
1.84804000,-1088.76094256,-1088.78222084,-1088.70739366, 1.84966000 ,-2259.45484648,-2259.46593464,  -2259.38071195 
2.03231778,-1088.75626121,-1088.77563423,-1088.70215184, 2.02049222 ,-2259.44644952,-2259.45996595,  -2259.37520089 
2.21659556,-1088.74987763,-1088.76764371,-1088.69506978, 2.19132444 ,-2259.42726708,-2259.44844966,  -2259.36925724 
2.40087333,-1088.74850117,-1088.76846067,-1088.69299500, 2.36215667 ,-2259.41413811,-2259.44055372,  -2259.36907036 
2.58515111,-1088.76027731,-1088.77456796,-1088.69345852, 2.53298889 ,-2259.41376684,-2259.43917099,  -2259.36974655 
2.76942889,-1088.77112152,-1088.78184211,-1088.69398437, 2.70382111 ,-2259.41846174,-2259.44180215,  -2259.36877255 
2.95370667,-1088.77867603,-1088.78802037,-1088.69453232, 2.87465333 ,-2259.42946294,-2259.44550379,  -2259.36707118 
3.13798444,-1088.78322328,-1088.79238947,-1088.69520991, 3.04548556 ,-2259.43686245,-2259.44920436,  -2259.36973375 
3.32226222,-1088.78536826,-1088.79486469,-1088.69559469, 3.21631778 ,-2259.43750035,-2259.45146708,  -2259.37184708 
3.50654000,-1088.78560156,-1088.79556557,-1088.69498662, 3.38715000 ,-2259.43631348,-2259.45209982,  -2259.37274103
