  C   -2.26919736062141      2.82561369371136      0.45503510241632
  C   -3.79038760567305      2.81871044700948      0.21309806077053
  C   -4.10285073742213      1.35339856450014      0.14676643245944
  C   -2.97722710019521      0.59431453901675     -0.00857579408427
  C   -1.75957756245410      1.46659401543220     -0.05606993349828
  C   -5.34984154143243      0.74521147089809      0.21982583492019
  C   -3.03029558931781     -0.81204899206388     -0.11106655686422
  C   -4.27235874357808     -1.41091332943029     -0.10480311163383
  C   -4.47525421901844     -2.85773581551104     -0.38807573752844
  C   -1.27980157111735     -2.50861145569641      0.54544975112958
  C   -1.77388341027627     -1.54872093974065     -0.26636462222265
  N   -6.45976772105061      1.48576726495269      0.39913464809254
  C   -7.61898851570776      0.90328929892026      0.47078871456658
  C   -7.75670064338243     -0.49471142471110      0.37552998475498
  C   -6.64542184000180     -1.23209647406628      0.19429097941144
  N   -5.40552663226448     -0.63536228607252      0.09969652964523
  H   -3.52281496750123     -3.28990305750088     -0.67020007525475
  H   0.76972833435735     -2.91315597933429      1.03842017389519
  H   -4.05092480419219      3.29258455864891     -0.73701118846416
  H   -4.34831322313010      3.33492286591815      0.99189454141274
  H   -0.93897041406154      1.06102725625796      0.53404924710331
  H   -2.07542326631993      2.90165024359536      1.52526137820768
  H   -1.77528993268128      3.66485546202243     -0.02969736305720
  H   -1.40441919555634      1.52731463831397     -1.08945103639384
  H   0.49540213934547     -2.62740011243710     -0.69090401270110
  H   -8.48830128977797      1.53462070510575      0.61262673382829
  H   -8.72029633903393     -0.97452458053290      0.45048898135454
  H   -6.67236706494457     -2.30440425800704      0.12794129970714
  H   -1.12823624456360     -1.17351673801995     -1.05427491773004
  H   -5.18372338377308     -2.99465779599624     -1.20741157183484
  H   -4.83942064702964     -3.40180204051119      0.48346499270091
  S   -2.03840373270588     -3.12790245185760      1.98259575461060
  H   0.00689807443732     -4.15438120865536      0.06524661119698
  C   0.07662175064453     -3.07511308415877      0.21159816908341
