  C   -2.29276862415569      2.87904083332665      0.39377902751466
  C   -3.83656966237989      2.80624607479199      0.19243110736859
  C   -4.11197271179104      1.33630746826054      0.15040540441333
  C   -2.98714870888966      0.58784114189160      0.02106340122284
  C   -1.76319469077406      1.46645913597639     -0.00009717978037
  C   -5.37117631235484      0.72908621019019      0.21997455656345
  C   -3.00842226135100     -0.82159711604763     -0.08288616793134
  C   -4.25672673815638     -1.41764990538220     -0.08840070226684
  C   -4.46226008706802     -2.84869709154374     -0.42212847918434
  C   -1.31564777305417     -2.58146782200044      0.52533150973528
  C   -1.75943943414484     -1.54952411900376     -0.23736911729168
  N   -6.47286419884423      1.46522008344046      0.36361934309209
  C   -7.63164385936448      0.87205861683378      0.45024922380853
  C   -7.74737794096531     -0.52588717642713      0.41586207862983
  C   -6.62623295412530     -1.25877836730683      0.25474762901345
  N   -5.39858865045566     -0.64692779800141      0.12928129448894
  H   -3.52534156028571     -3.25309341824801     -0.78678647772544
  H   0.71126794380506     -3.05135830660201      1.04688859703811
  F   -4.17203040939206      3.41026325325230     -0.97151575529333
  F   -4.47005749290440      3.46375990034562      1.17840335655893
  F   -0.80704132896068      1.07035604752167      0.85533771646100
  F   -2.02650958274892      3.10695213323734      1.68915091160141
  F   -1.73079664575932      3.85188682904523     -0.32845112920566
  F   -1.21196347312849      1.51784650063746     -1.23400338309178
  H   0.49186529520115     -2.65156472024351     -0.66783578312645
  H   -8.50696174093529      1.50068972517337      0.55788392785699
  H   -8.70323195740258     -1.01631558680485      0.51821595330727
  H   -6.63741877998477     -2.33337089955302      0.23330921710884
  H   -1.06791450621994     -1.12010991827597     -0.95313104869251
  H   -5.22273836677027     -2.95321076395505     -1.19768338454242
  H   -4.75462922120675     -3.43642327661614      0.44803239635689
  S   -2.12578755839852     -3.26381196253662      1.88819124921966
  H   -0.04473995264493     -4.21359724489819     -0.02470084233409
  C   0.04072894561111     -3.14771546047806      0.19212954910614
