  C   0.69655623309718     -0.99203122419180     -0.14193782993733
  C   1.91084675007059     -0.25091032595689     -0.03568965853761
  C   -0.48768033411879     -0.38910679182489     -0.32981517423771
  C   1.83192978723859      1.11307324849718      0.08973975760814
  C   -2.76845794221061      0.03155516519817     -0.05957947726778
  C   2.04284050255422      3.56348979332451      0.37267444981392
  N   0.65837952716875      1.78674003731854     -0.08322048076386
  C   -0.48291924182456      1.08392462556701     -0.72078555216843
  C   -0.38605866821129      1.21955935579179     -2.23932961029302
  H   -1.19660534468231      0.66305962975909     -2.70678887719505
  H   -0.45046020870224      2.26111633525834     -2.55016670703724
  H   0.56426773589734      0.80645668940433     -2.58053117158780
  C   0.79716119582511      3.18843426295412      0.04616218553817
  S   -2.13651479855353      1.67773501936440     -0.14264214432109
  S   3.10316719103484      2.18649766984130      0.50855691756623
  C   -1.81302736001671     -0.90590501461523     -0.18305806495206
  H   -2.00774934971486     -1.96364357557968     -0.08400133331330
  C   2.60410746159375      4.92012013609105      0.62676403312022
  H   2.92651709044547      5.02095835962971      1.66439531378078
  H   3.47151925433808      5.10544248502286     -0.00822662452523
  H   1.86767652875307      5.69379814852301      0.42760304754477
  C   -4.19831545054981     -0.17516049365698      0.18392420177756
  C   -5.01462652751955      0.86939455128173      0.61737305244765
  C   -4.78071745994211     -1.42915314849830     -0.01818418122263
  C   -6.36418064802816      0.66740464296935      0.85258233551392
  H   -4.59618135141094      1.85398884915871      0.78173827600081
  C   -6.12763787051233     -1.62840168206664      0.21567837976711
  H   -4.17795130781402     -2.25341843824924     -0.37412095012026
  C   -6.92730756511167     -0.58157351995097      0.65323106258188
  H   -6.97647894874042      1.49302961043313      1.19086483543176
  H   -6.55900443571361     -2.60676731772269      0.04873911414361
  H   -7.98277584387261     -0.73938682748592      0.83151693637829
  C   3.07100539783957     -1.12181899635663      0.17578216343317
  C   0.99033431150046     -2.43538119727108      0.09636809179538
  C   2.52245666060753     -2.54063048371971     -0.13718426528193
  F   3.56232854785816     -1.11186149448514      1.45992019133303
  F   4.15745770506502     -0.84495574471855     -0.60009493828557
  F   3.09472821692824     -3.50006427166057      0.60184104179832
  F   2.74954075032292     -2.82914167582712     -1.43435907634951
  F   0.32095124958046     -3.28801497148949     -0.70979317580666
  F   0.71813756006423     -2.82161147301630      1.37342954178370
  C   -0.35032449353874      4.11447115773870     -0.15747415548866
  H   0.01317950344281      5.13639949558846     -0.20227674759431
  H   -0.87789803581570      3.91615663543164     -1.08969477796912
  H   -1.06794697462179      4.05006176419661      0.66023704509772
