  C   0.69148629860845     -0.99838556058697     -0.11532735172524
  C   1.90757209941302     -0.26104651497234     -0.01324267743093
  C   -0.48161217524827     -0.36987672157109     -0.32325469892868
  C   1.83213426806055      1.08455749037329      0.09323885165890
  C   -2.77732300877295      0.03345199359578     -0.07121303156803
  C   2.09063541959091      3.55399541875998      0.32516616452020
  N   0.64706928925688      1.79398174130641     -0.04079616396442
  C   -0.47958790544504      1.10977057990913     -0.69527206494456
  C   -0.39653581271544      1.27518654087357     -2.21378466829581
  H   -1.19984381503918      0.71300466012985     -2.68764645935181
  H   -0.47799821470312      2.32013636079237     -2.51085164823111
  H   0.55846815645128      0.88162400198725     -2.56604631917722
  C   0.83144244585092      3.19166416890846      0.04494763466937
  S   -2.14320616954636      1.68775173455962     -0.10356867629919
  S   3.14155857239651      2.15686779712779      0.46654449561749
  C   -1.80675372724813     -0.88909936691236     -0.19979060258361
  H   -1.99404767227910     -1.95151937828065     -0.12881750276516
  C   2.67903231622974      4.90446856024079      0.54886846218268
  H   3.04152700704899      5.01142155613903      1.57337287732782
  H   3.52773120471803      5.07389534910252     -0.11643869300777
  H   1.94972382663189      5.68997244085130      0.36864700694069
  C   -4.20319396882712     -0.19528264021675      0.16199250840829
  C   -5.03849234905292      0.82825565255515      0.61204055792960
  C   -4.77046200413862     -1.45538437442386     -0.05581271146175
  C   -6.38371777671419      0.59989253029525      0.85164937855266
  H   -4.63511145700862      1.81739051546168      0.78665965487760
  C   -6.11228465566342     -1.68087825199932      0.18235451739450
  H   -4.15634068300176     -2.26493641242774     -0.42627877250792
  C   -6.92878443437284     -0.65503481722734      0.63983510835472
  H   -7.00736934863192      1.41097053657793      1.20473304054425
  H   -6.52707955830464     -2.66455302936159      0.00332832815821
  H   -7.98019313933506     -0.83341255693585      0.82247437252647
  C   3.07625859160901     -1.17724407173580      0.21828845054849
  C   0.98534985941098     -2.45073969928969      0.14863633659837
  C   2.49382108973546     -2.55896393258586     -0.13388600099672
  H   3.39984742048678     -1.14657499824886      1.26490765878045
  H   3.94919216060839     -0.93129103647552     -0.38971291136181
  H   2.96649357399321     -3.36788623485961      0.42096211145142
  H   2.64618155100417     -2.75364356529486     -1.19671363772642
  H   0.38708367134036     -3.12960786635229     -0.45824356983024
  H   0.77543443868883     -2.68264467774603      1.19723951078649
  C   -0.31154794318115      4.13291350428559     -0.11884593451578
  H   0.05380141789571      5.15487070324481     -0.14695539290559
  H   -0.86069156985828      3.95538448954813     -1.04300835101810
  H   -1.01539828994194      4.05050638087869      0.70978781276920
