  C   0.53002804571884     -0.74871621245771     -0.12833541295849
  C   1.64439249872832     -0.06686075807801      0.17385450382189
  C   -0.79820084841375     -0.26428516170019     -0.52214347608756
  C   1.81680604500656      1.37483793315712      0.30874830210377
  C   -3.13567092742185     -0.20415372949819     -0.40255344958615
  C   2.73623460660467      3.64382512680278      0.46209558275770
  N   0.89352811812244      2.25347889337569      0.55275923180595
  C   -1.06228243357039      0.56725698052371     -1.57424663566575
  C   -0.11146876933344      1.23063652919446     -2.51022875804293
  H   -0.52457054949479      1.29865636325918     -3.51642741045591
  H   0.12594470272326      2.24236227217358     -2.17556127018569
  H   0.82218098558635      0.67221302638673     -2.55741437134022
  C   1.39121319262793      3.53157925116544      0.63965302136663
  S   -2.75488938333932      0.81486753654041     -1.74443393973121
  S   3.39560712439934      2.07910772324562      0.18186481681607
  C   -1.98920695108739     -0.70966293531730      0.12707030712325
  H   -1.97646339094758     -1.36978570056629      0.98256023587749
  C   3.61004287969788      4.85311461522887      0.49093364090607
  H   4.34942857912111      4.79124123315467      1.29099119212289
  H   4.15169900616857      4.97471048899700     -0.44811341278145
  H   3.01645223263374      5.74984315767539      0.65238279973803
  C   -4.51967331371379     -0.44287308241156      0.02286165469548
  C   -5.54705477487478      0.43727671528590     -0.31583892285274
  C   -4.83941747777783     -1.56719917698028      0.78605974986586
  C   -6.84892665704694      0.20166058313712      0.09209676916779
  H   -5.32707474445030      1.32496041538399     -0.89525492546229
  C   -6.13906969774396     -1.79675922653438      1.20053184083096
  H   -4.06526242792008     -2.27610414055391      1.04718588918082
  C   -7.15192448256264     -0.91488668066021      0.85438843260978
  H   -7.62899836536364      0.89961471026675     -0.18310137108511
  H   -6.36353980203343     -2.67593869928109      1.79066654752345
  H   -8.16909609022826     -1.09812450995512      1.17449628922994
  C   2.79207632338830     -0.99826188468052      0.49514240968912
  C   0.76312596998740     -2.23695739347196      0.00526317209842
  C   2.28926633500526     -2.36730402369953      0.02479662380349
  H   2.99081665650921     -0.98193312270383      1.57149858969010
  H   3.72157392087437     -0.70776595971420      0.00209586464834
  H   2.63889267740517     -3.18322899398118      0.65499286023333
  H   2.64714378189027     -2.55614790374053     -0.98812749410471
  H   0.29872217587718     -2.79868890038173     -0.80638174938782
  H   0.31052879750434     -2.59688221686892      0.93524865106017
  C   0.43178034773386      4.63936644453419      0.92559316069764
  H   0.92539159492729      5.60708180596327      0.96212024304148
  H   -0.34342098207009      4.67858164104510      0.15880710740834
