  C   0.42807412077797     -0.37318507479234     -0.25945656703852
  C   1.68323172238788     -0.04974304943466      0.18839055464098
  C   -0.48992225127390      0.61523055586617     -0.65248610217816
  C   2.01439398030032      1.28013670879307      0.30618352975324
  C   -3.01916503062638      0.59436885233795     -0.70831860286480
  C   2.90708544180819      3.52027696379512      0.69992925191174
  N   1.13832115682905      2.26208943950568     -0.06331871529913
  C   -0.08061623701621      1.94230897425325     -0.63127453589388
  C   -0.85992444975596      2.99351073372233     -1.34308648377253
  H   -1.55924484059027      2.49108150631024     -2.00410924972419
  H   -1.44697004646876      3.61543364826166     -0.67265202723778
  H   -0.20313307026461      3.61937386384602     -1.94155797631791
  C   1.65380959135671      3.56224669547682      0.21509246362658
  S   -3.32933974570728      1.72074580905963      0.57932200917660
  S   3.49021970887701      1.90786546225311      0.89224500256579
  C   -1.80265036569944      0.19154158724386     -1.14467978875357
  H   -1.77394729879098     -0.62081070054539     -1.86199662487924
  C   3.75942839293548      4.66694063005758      1.13265148335871
  H   3.44228682236383      5.03762327369251      2.10874281457022
  H   4.80167003125817      4.36381932135338      1.21290894366796
  H   3.69954543371508      5.48714782679173      0.42010822123879
  C   -4.20234701150309     -0.01929863464534     -1.38420829200692
  C   -5.26834715251310     -0.53665626203468     -0.65100525146565
  C   -4.26408125935376     -0.09581172477732     -2.77400702903051
  C   -6.34863186841830     -1.12695752372773     -1.28327859029691
  H   -5.24055505980187     -0.47194294742772      0.42814027276243
  C   -5.35248565571563     -0.67292535296422     -3.41106487415447
  H   -3.45526400445368      0.31593872787977     -3.36339878643961
  C   -6.39826986758074     -1.19510542715195     -2.66857292959326
  H   -7.15876517778429     -1.53467335827892     -0.69183356005640
  H   -5.38336952401910     -0.70889469581029     -4.49276295538549
  H   -7.24794093361128     -1.64742584104719     -3.16345481033866
  C   2.48666364692410     -1.26091125397353      0.55681288024981
  C   0.24105169446687     -1.86197725592226     -0.23628216828176
  C   1.67351502929408     -2.40399732357066     -0.08016399505812
  H   2.53673729675650     -1.35678636035346      1.64488424683519
  H   3.51236303623754     -1.21618428808895      0.18985473431426
  H   1.71124651272628     -3.31730830976475      0.50930286803865
  H   2.08162072831163     -2.62941786148883     -1.06559446873363
  H   -0.26000820900909     -2.23756485311090     -1.12722246656720
  H   -0.39135234311148     -2.12768861815895      0.61611333614858
  C   0.85294828432190      4.82007028685681      0.14955818102945
  H   1.39658187072367      5.59446648984167      0.68363182914723
  H   0.68026050544989      5.17284680284456     -0.86398354939601
  H   -0.10907859675286      4.69728739502702      0.64253818072818
